000009
000011
000013
000015
000017
000018
000019
000020
000021
000022
000023
000024
000025
000026
000027
000028
000029
000030
000031
000032
000033
000034
000035
000036
000037
000038
000039
000040
000041
000042
000043
000044
000045
000046
000047
000048
000049
000050
000051
000058
000098
000114
000127
000128
000149
000150
000151
000152
000153
000154
000155
000159
000181
000182
000183
000184
000185
000186
000187
000188
000189
000190
000191
000193
000195
000197
000198
000200
000201
000204
000209
000212
000213
000214
000215
000216
000217
000218
000219
000220
000222
000223
000224
000225
000228
000229
000230
000232
000233
000235
000237
000238
000239
000242
000247
000248
000250
000251
000256
000257
000259
000261
000262
000263
000264
000265
000266
000267
000268
000281
000296
000297
000300
000301
000302
000303
000304
000305
000306
000307
000308
000309
000310
000311
000312
000313
000314
000315
000316
000317
000318
000319
000320
000321
000322
000323
000324
000325
000326
000327
000328
